parentID=11107
numObjects=296
6701
11104
11106
10023
10089
10101
10258
10263
10264
10265
10266
10267
10268
10423
10426
10429
10525
10527
10535
10537
10539
10540
10541
10542
10543
10544
10545
10547
10548
10557
10558
10559
10560
10563
10564
10565
10573
10574
10580
10581
10582
10583
10584
10585
10586
10587
10588
10589
10590
10591
10592
10593
10594
10598
10599
10600
10601
10602
10603
1120
1121
1122
11510
11511
11512
11533
1175
1176
1177
1178
1179
1180
1226
1242
1247
1251
1285
1291
1292
1293
1296
1298
1299
1300
1305
1307
1308
1354
1355
1356
1357
1463
1464
1465
1466
1468
1469
1470
1471
1473
1474
1481
1611
1812
1814
1815
1816
1817
1818
1819
1820
1821
1822
1823
1825
1826
1827
1879
1880
1993
1994
2121
2147
2148
2149
2150
2151
2183
2186
2187
2188
2189
2193
2198
2200
2201
245
251
252
254
255
2563
262
265
266
267
268
269
270
271
272
273
274
275
276
277
2773
2774
2775
2777
278
2780
2783
2786
2794
2799
2818
2819
2827
2858
2859
2860
2861
2862
2863
2864
2865
2866
2868
2871
2872
2873
2876
2877
2891
2892
2894
3361
3362
3363
3369
3370
382
4561
4647
4733
4786
4787
4790
4791
5273
5296
6440
6441
6501
6505
6506
6615
6616
6791
6796
6810
6811
6812
6814
6919
6922
6923
6924
6925
6943
6944
6945
6946
6947
6948
6949
6950
6951
6952
6953
6954
6956
6957
7020
7022
7589
7590
7594
7646
7653
7716
7907
7912
7913
7925
802
803
8154
8155
8156
8157
8202
8203
8204
8205
8247
8251
8252
8254
8400
8401
8402
8403
8404
8405
8406
8407
8408
8409
8410
8411
8412
8413
8414
8415
8416
8417
8419
8420
8540
8580
8581
8584
8595
8596
8598
8599
8601
8758
8760
8763
8764
9067
9068
9069