parentID=11906
numObjects=246
6949
6950
6951
6952
802
803
11889
9069
9067
8843
8842
8764
8763
8760
8758
8601
8599
8598
8596
8595
8584
8581
8540
8254
8252
8251
8247
7925
7716
7653
7646
7594
7590
7589
6957
6956
6954
6953
6948
6947
6946
6945
6944
6943
6925
6924
6923
6922
6814
6812
6811
6810
6796
6791
6616
6615
6506
6505
6501
6441
6440
5273
4791
4790
4787
4786
4647
4561
382
3370
3369
3363
3362
3361
2894
2892
2891
2877
2876
2873
2872
2871
2868
2866
2865
2864
2863
2862
2861
2860
2859
2858
2827
2819
2818
2799
2794
2786
2783
2780
278
2777
2775
2774
2773
277
276
275
274
273
272
271
270
269
268
267
266
265
262
2563
255
254
252
251
245
2201
2200
2198
2193
2189
2188
2187
2151
2150
2149
2148
2147
2121
1994
1993
1880
1879
1611
1481
1474
1473
1471
1470
1469
1468
1466
1465
1464
1463
1357
1356
1355
1354
1308
1307
1305
1300
1299
1298
1296
1293
1292
1291
1285
1251
1247
1242
1226
11885
11849
11848
11847
11846
11845
11844
1181
1180
1179
1178
1177
1176
1175
11533
11512
11511
11510
1122
1121
1120
10603
10602
10601
10600
10599
10598
10594
10593
10592
10591
10590
10589
10588
10587
10586
10585
10584
10583
10582
10581
10580
10574
10573
10565
10564
10563
10560
10559
10558
10557
10548
10547
10545
10544
10543
10542
10541
10540
10539
10537
10535
10527
10525
10268
10266
10264
10258
10101
10089
10023
9068
11902