parentID=1600
pattern
numObjects=128
1598
1599
1316
1602
1603
1605
1835
1836
1837
1848
2123
2449
2725
150
2742
2766
6426
6431
6728
6803
6820
6821
6822
6823
6824
6825
6826
6827
6828
6829
6830
6831
6832
6833
6834
6835
6836
6837
6839
6840
6841
6842
6843
6844
6845
6850
6858
6859
6881
6895
6896
6897
6898
6899
6901
6902
6903
6904
6905
6906
6907
6908
6909
7137
7195
7354
7355
7413
7414
7416
7415
7417
7441
7440
7439
7473
7472
7475
7591
7602
7604
7606
7607
7666
7667
7668
7671
7675
7828
7827
7826
7825
7919
7958
8243
8366
8365
8452
8381
8918
8931
8932
8933
8934
8935
8936
8937
8938
8939
9055
10004
10002
10003
10005
10067
10006
10009
10008
10007
10010
10011
10449
10477
10468
10609
11521
11522
11528