parentID=1601
pattern
numObjects=137
290
72
344
236
235
292
1619
291
326
845
314
2448
674
135
402
2767
5331
4470
2178
659
578
564
593
711
667
425
765
34
160
148
1113
1115
1114
2855
2836
6402
6766
789
126
127
1148
1147
134
473
4784
4794
4548
1217
4481
2096
812
881
2815
96
69
132
64
2296
2297
1199
808
40
2143
1877
2530
7194
7315
7316
7391
7392
7393
7394
7376
7443
7442
7444
7453
4542
2514
6651
6667
556
2844
946
496
7446
7445
2291
2494
7799
7801
7807
7811
7257
3219
8242
8367
8364
8451
191
8909
807
852
454
333
456
855
685
7790
501
181
837
2807
2801
6936
569
1342
7669
570
6504
6496
6502
10444
10463
10467
2599
10516
10460
10290
2515
2504
11575
7287
1891
1890
729
3001