parentID=1948
probSet
numObjects=52
1941 0.019231
1942 0.019231
1943 0.019231
1944 0.019231
1945 0.019231
1995 0.019231
1996 0.019231
1997 0.019231
1998 0.019231
1999 0.019231
2000 0.019231
2001 0.019231
2002 0.019231
2003 0.019231
2004 0.019231
2005 0.019231
2006 0.019231
2007 0.019231
2008 0.019231
2009 0.019231
2010 0.019231
2011 0.019231
2012 0.019231
2013 0.019231
2014 0.019231
2015 0.019231
2016 0.019231
2017 0.019231
2018 0.019231
2019 0.019231
2020 0.019231
2021 0.019231
2022 0.019231
2023 0.019231
2024 0.019231
2025 0.019231
2026 0.019231
2027 0.019231
2028 0.019231
2029 0.019231
2030 0.019231
2031 0.019231
2032 0.019231
2033 0.019231
2034 0.019231
2035 0.019231
2036 0.019231
2037 0.019231
2038 0.019231
2039 0.019231
2040 0.019231
2041 0.019231