parentID=4873
probSet
numObjects=44
333 0.022727
855 0.022727
559 0.022727
460 0.022727
456 0.022727
459 0.022727
567 0.022727
1213 0.022727
859 0.022727
858 0.022727
862 0.022727
851 0.022727
863 0.022727
695 0.022727
694 0.022727
693 0.022727
692 0.022727
290 0.022727
1598 0.022727
314 0.022727
2123 0.022727
454 0.022727
462 0.022727
334 0.022727
455 0.022727
458 0.022727
457 0.022727
463 0.022727
326 0.022727
1837 0.022727
685 0.022727
684 0.022727
2297 0.022727
501 0.022727
3202 0.022727
3201 0.022727
3961 0.022727
2091 0.022727
2809 0.022727
467 0.022727
869 0.022727
864 0.022727
866 0.022727
865 0.022727