parentID=7031
pattern
numObjects=93
1825
5227
393
6971
2723
2721
1872
1868
1802
1790
1820
1804
1799
1034
1161
1207
396
1109
6408
216
4515
214
2856
2851
2839
1145
1017
1042
1045
1192
2770
2829
228
2845
1803
1791
1823
1818
1056
3069
3071
937
1055
1810
1805
1798
623
6967
6965
6966
392
6398
7042
7041
7045
1814
4711
7357
7356
7362
7364
7366
7368
4628
4629
3228
8051
8063
8065
8067
8069
8071
8073
8075
8077
8079
8081
8083
8085
8087
8089
8091
8093
8139
8140
10232
10228
11038
11036
11033
11030
11318
11320