parentID=7032
pattern
numObjects=124
1827
5228
1134
6972
2724
2722
1873
1869
1806
1792
1821
1808
1801
1035
1162
1208
399
1110
6409
217
4514
215
2857
2852
2840
1142
1018
1043
1046
1190
2771
2831
229
2846
1809
1793
1826
1819
1057
3070
3072
938
1058
1811
1807
1800
625
6978
6980
6979
7193
6410
7050
7051
7053
1815
4712
7358
7359
7363
7365
7367
7369
4631
4630
3229
8053
8064
8066
8068
8070
8072
8074
8076
8078
8080
8082
8084
8086
8088
8090
8092
8094
8142
8141
10033
10030
10077
10075
10072
10071
10154
10156
10299
10301
10307
10309
10315
10317
10323
10325
10331
10333
10339
10341
10347
10349
10355
10357
10363
10365
10371
10373
10379
10381
10387
10389
10465
10474
10456
10520
10523
10437
10499