parentID=8348
numObjects=300
7313
1874
48
406
49
7339
8143
7340
7345
2142
530
760
7344
7341
7374
8259
7342
7375
7314
2145
1876
7351
7350
4700
7317
7318
4702
5232
4703
2452
7381
1922
7382
7388
2136
7343
7999
5234
1923
99
4701
7378
5231
527
7348
6798
7998
2454
45
7377
7312
7383
2135
1875
7349
7336
7319
7379
7380
7309
7352
7347
7353
7346
7308
8260
7434
7437
7436
7435
7438
4599
4649
4648
7704
7702
7703
4763
5180
5233
2137
6799
2450
2461
2438
2455
2158
8133
2460
100
2435
7433
7432
7213
2159
2437
2436
63
153
65
7685
7939
1885
3268
7960
6639
754
7970
6657
7966
982
8008
6752
8024
7075
155
7698
7076
886
8035
897
7678
890
6653
759
3267
6654
895
893
7682
7686
7700
113
1909
885
7078
159
7680
1908
7681
7676
7019
7697
1912
6748
7683
7937
6962
1915
1911
8329
7679
7684
111
7941
756
984
1910
6638
8328
1913
7971
7938
757
7699
3266
154
158
7077
7695
981
7964
7021
7959
7963
7940
894
6753
1914
4438
889
6963
6655
112
7965
7791
1884
6964
983
8327
6750
6658
7677
892
7942
755
6751
896
891
758
6656
157
1907
6640
887
156
6749
7792
1883
7696
4673
5151
4589
5155
5153
5150
5154
5152
4676
5170
4440
4624
5347
4439
4625
6624
1859
1860
7910
7908
7026
7025
8206
8207
8199
8209
8208
8200
8204
8202
8155
8157
7913
7907
8159
8150
8152
8153
8160
8151
8007
8002
8009
8003
8000
8006
8025
8001
8004
8005
7689
7022
7020
8205
8203
8156
8154
6919
7912
6921
7909
7911
7690
7687
7688
997
996
994
995
1887
1888
1886
6626
6456
6458
6471
6452
6980
6966
6978
6979
6967
6965
6627
6453
6457
6455
6459
6625
6454