id=10964
type=2,randStartPhase=0
forceZeroStart=0
numSounds=0
numSprites=10
numSlots=0
offset=(0.000000,0.000000)
startPause=0.000000
animParam=0.000000 0.000000 0.000000 0.000000 0.000000 0.000000 (0.000000,0.000000) 0.000000 0.000000 0.000000 0.000000 0.000000 1.000000 0.000000 0.000000 0.000000 0.000000 1.000000 0.000000
offset=(0.000000,0.000000)
startPause=0.000000
animParam=0.000000 0.000000 0.000000 0.000000 0.000000 0.000000 (0.000000,0.000000) 0.000000 0.000000 0.000000 0.000000 0.000000 1.000000 0.000000 0.000000 0.000000 0.000000 1.000000 0.000000
offset=(0.000000,0.000000)
startPause=0.000000
animParam=0.000000 0.000000 0.000000 0.000000 0.000000 0.000000 (0.000000,0.000000) 0.000000 0.000000 0.000000 0.000000 0.000000 1.000000 0.000000 0.000000 0.000000 0.000000 1.000000 0.000000
offset=(0.000000,0.000000)
startPause=0.000000
animParam=0.000000 0.000000 0.000000 0.000000 0.000000 0.000000 (-3.000000,11.000000) 0.000000 0.000000 1.833333 0.040000 0.312500 1.000000 0.000000 0.000000 0.000000 0.000000 1.000000 0.000000
offset=(0.000000,0.000000)
startPause=0.000000
animParam=0.000000 0.000000 0.000000 0.000000 0.000000 0.000000 (18.000000,11.000000) 0.000000 0.000000 2.083333 0.031250 0.197917 1.000000 0.000000 0.000000 0.000000 0.000000 1.000000 0.000000
offset=(0.000000,0.000000)
startPause=0.000000
animParam=0.000000 0.000000 0.000000 0.000000 0.000000 0.000000 (1.000000,12.000000) 0.000000 0.000000 1.833333 0.040000 0.531250 1.000000 0.000000 0.000000 0.000000 0.000000 1.000000 0.000000
offset=(0.000000,0.000000)
startPause=0.000000
animParam=0.000000 0.000000 0.000000 3.250000 1.000000 0.000000 (0.000000,0.000000) 0.000000 0.000000 0.000000 0.000000 0.000000 1.000000 0.000000 0.000000 0.000000 0.000000 1.000000 0.000000
offset=(0.000000,0.000000)
startPause=0.000000
animParam=0.000000 0.000000 0.000000 0.000000 0.000000 0.000000 (-3.000000,11.000000) 0.000000 0.000000 1.833333 0.040000 0.645833 1.000000 0.000000 0.000000 0.000000 0.000000 1.000000 0.000000
offset=(0.000000,0.000000)
startPause=0.000000
animParam=0.000000 0.000000 0.000000 0.000000 0.000000 0.000000 (1.000000,12.000000) 0.000000 0.000000 1.833333 0.041667 0.947917 1.000000 0.000000 0.000000 0.000000 0.000000 1.000000 0.000000
offset=(0.000000,0.000000)
startPause=0.000000
animParam=0.000000 0.000000 0.000000 0.000000 0.000000 0.000000 (0.000000,0.000000) 0.000000 0.000000 0.000000 0.000000 0.000000 1.000000 0.000000 0.000000 0.000000 0.000000 1.000000 0.000000