id=1267
type=1,randStartPhase=0
forceZeroStart=0
numSounds=0
numSprites=5
numSlots=0
offset=(0.000000,0.000000)
startPause=0.000000
animParam=0.000000 0.000000 0.000000 0.000000 0.000000 0.000000 (0.000000,0.000000) 0.000000 0.000000 0.000000 0.000000 0.000000 1.000000 0.000000 0.000000 0.000000 0.000000 0.000000 0.000000
offset=(0.000000,0.000000)
startPause=0.000000
animParam=0.000000 0.000000 0.000000 0.000000 0.000000 0.000000 (0.000000,0.000000) 0.000000 0.000000 0.000000 0.000000 0.000000 1.000000 0.000000 0.000000 0.000000 0.000000 0.000000 0.000000
offset=(0.000000,0.000000)
startPause=0.000000
animParam=0.000000 0.000000 0.000000 0.000000 0.000000 0.000000 (0.000000,0.000000) 0.000000 0.000000 4.000000 0.052083 0.489583 0.500000 3.000000 0.000000 0.000000 0.000000 1.000000 0.000000
offset=(0.000000,0.000000)
startPause=0.000000
animParam=0.000000 0.000000 0.000000 0.000000 0.000000 0.000000 (0.000000,0.000000) 0.000000 0.000000 4.000000 0.052083 0.000000 0.500000 3.000000 0.000000 0.000000 0.000000 1.000000 0.000000
offset=(0.000000,4.000000)
startPause=0.000000
animParam=0.000000 0.000000 0.000000 4.000000 4.000000 0.760417 (0.000000,0.000000) 0.000000 0.000000 4.000000 0.020833 0.406250 0.500000 3.000000 0.000000 0.000000 0.000000 1.000000 0.000000