id=483
type=1,randStartPhase=0
numSounds=0
numSprites=6
numSlots=4
animParam=0.000000 0.000000 0.000000 0.000000 0.000000 0.000000 (0.000000,0.000000) 0.000000 0.000000 0.000000 0.000000 0.000000 1.000000 0.000000 0.000000 0.000000 0.000000 1.000000 0.000000
animParam=0.000000 0.000000 0.000000 0.000000 0.000000 0.000000 (0.000000,0.000000) 0.000000 0.000000 0.000000 0.000000 0.000000 1.000000 0.000000 0.000000 0.000000 0.000000 1.000000 0.000000
animParam=0.000000 0.000000 0.000000 0.000000 0.000000 0.000000 (0.000000,0.000000) 0.000000 0.000000 0.000000 0.000000 0.000000 1.000000 0.000000 0.000000 0.000000 0.000000 1.000000 0.000000
animParam=0.000000 0.000000 0.000000 0.000000 0.000000 0.000000 (0.000000,0.000000) 0.000000 0.000000 0.000000 0.000000 0.000000 1.000000 0.000000 0.000000 0.000000 0.000000 1.000000 0.000000
animParam=0.000000 0.000000 0.000000 0.000000 0.000000 0.000000 (0.000000,0.000000) 0.000000 0.000000 0.000000 0.000000 0.000000 1.000000 0.000000 0.000000 0.000000 0.000000 1.000000 0.000000
animParam=0.000000 0.000000 0.000000 0.000000 0.000000 0.000000 (104.000000,16.000000) -0.000000 -0.025000 0.000000 0.000000 0.000000 1.000000 0.000000 0.000000 0.000000 0.000000 1.000000 0.000000
animParam=0.000000 0.000000 0.000000 0.000000 0.000000 0.000000 1.000000 0.000000
animParam=0.000000 0.000000 0.000000 0.000000 0.000000 0.000000 1.000000 0.000000
animParam=0.000000 0.000000 0.000000 0.000000 0.000000 0.000000 1.000000 0.000000
animParam=0.000000 0.000000 0.000000 0.000000 0.000000 0.000000 1.000000 0.000000