id=7976
type=0,randStartPhase=0
forceZeroStart=1
numSounds=0
numSprites=10
numSlots=0
offset=(0.000000,0.000000)
startPause=0.000000
animParam=0.000000 0.000000 0.000000 0.000000 0.000000 0.000000 (0.000000,0.000000) 0.000000 0.000000 0.000000 0.000000 0.000000 1.000000 0.000000 0.000000 0.000000 0.000000 1.000000 0.000000
offset=(0.000000,0.000000)
startPause=0.000000
animParam=0.000000 0.000000 0.000000 0.000000 0.000000 0.000000 (0.000000,0.000000) 0.000000 0.000000 0.000000 0.000000 0.000000 1.000000 0.000000 0.000000 0.000000 0.000000 1.000000 0.000000
offset=(0.000000,0.000000)
startPause=0.000000
animParam=0.000000 0.000000 0.000000 0.000000 0.000000 0.000000 (0.000000,0.000000) 0.000000 0.000000 0.000000 0.000000 0.000000 1.000000 0.000000 0.000000 0.000000 0.000000 1.000000 0.000000
offset=(0.000000,0.000000)
startPause=0.000000
animParam=0.000000 0.000000 0.000000 0.000000 0.000000 0.000000 (0.000000,0.000000) 0.000000 0.000000 0.000000 0.000000 0.000000 1.000000 0.000000 0.000000 0.000000 0.000000 1.000000 0.000000
offset=(0.000000,0.000000)
startPause=0.000000
animParam=0.000000 0.000000 0.000000 0.000000 0.000000 0.000000 (0.000000,0.000000) 0.000000 0.000000 0.000000 0.000000 0.000000 1.000000 0.000000 0.000000 0.000000 0.000000 1.000000 0.000000
offset=(0.000000,0.000000)
startPause=0.000000
animParam=0.000000 0.000000 0.000000 0.000000 0.000000 0.000000 (0.000000,0.000000) 0.000000 0.000000 0.000000 0.000000 0.000000 1.000000 0.000000 0.000000 0.000000 0.000000 1.000000 0.000000
offset=(0.000000,0.000000)
startPause=0.000000
animParam=0.000000 0.000000 0.000000 0.000000 0.000000 0.000000 (0.000000,0.000000) 0.000000 0.000000 0.000000 0.000000 0.000000 1.000000 0.000000 0.000000 0.000000 0.000000 1.000000 0.000000
offset=(0.000000,0.000000)
startPause=0.000000
animParam=0.000000 0.000000 0.000000 0.000000 0.000000 0.000000 (0.000000,0.000000) 0.000000 0.000000 0.000000 0.000000 0.000000 1.000000 0.000000 0.000000 0.000000 0.000000 1.000000 0.000000
offset=(0.000000,0.000000)
startPause=0.000000
animParam=0.000000 0.000000 0.000000 0.000000 0.000000 0.000000 (0.000000,0.000000) 0.000000 0.000000 0.000000 0.000000 0.000000 1.000000 0.000000 0.000000 0.000000 0.000000 1.000000 0.000000
offset=(0.000000,0.000000)
startPause=0.000000
animParam=0.000000 0.000000 0.000000 0.000000 0.000000 0.000000 (0.000000,-2.000000) 0.000000 0.000000 1.166667 0.052083 0.000000 4.166667 2.083333 0.000000 0.000000 0.000000 1.000000 0.000000