id=88613
type=0,randStartPhase=0
forceZeroStart=0
numSounds=0
numSprites=6
numSlots=0
offset=(0.000000,0.000000)
startPause=0.000000
animParam=0.000000 0.000000 0.000000 0.000000 0.000000 0.000000 (0.000000,0.000000) 0.000000 0.000000 0.000000 0.000000 0.000000 1.000000 0.000000 0.000000 0.000000 0.000000 1.000000 0.000000
offset=(0.000000,0.000000)
startPause=0.000000
animParam=0.000000 0.000000 0.000000 0.000000 0.000000 0.000000 (0.000000,0.000000) 0.000000 0.000000 0.500000 0.010000 0.250000 1.000000 0.000000 0.000000 0.000000 0.000000 1.000000 0.000000
offset=(0.000000,0.000000)
startPause=0.000000
animParam=0.000000 0.000000 0.000000 0.000000 0.000000 0.000000 (0.000000,0.000000) 0.000000 0.000000 0.000000 0.000000 0.000000 1.000000 0.000000 0.000000 0.000000 0.000000 1.000000 0.000000
offset=(0.000000,0.000000)
startPause=0.000000
animParam=0.000000 0.000000 0.000000 0.000000 0.000000 0.000000 (0.000000,0.000000) 0.000000 0.000000 0.500000 0.010000 0.500000 1.000000 0.000000 0.250000 0.000000 0.000000 1.000000 0.500000
offset=(0.000000,0.000000)
startPause=0.000000
animParam=0.000000 0.000000 0.000000 0.000000 0.000000 0.000000 (0.000000,0.000000) 0.000000 0.000000 0.500000 0.010000 0.000000 1.000000 0.000000 0.250000 0.000000 0.000000 1.000000 0.000000
offset=(0.000000,0.000000)
startPause=0.000000
animParam=0.000000 0.000000 0.000000 0.000000 0.000000 0.000000 (0.000000,0.000000) 0.000000 0.000000 0.000000 0.000000 0.000000 1.000000 0.000000 0.000000 0.000000 0.000000 1.000000 0.000000