id=88655
type=0,randStartPhase=0
forceZeroStart=0
numSounds=0
numSprites=9
numSlots=0
offset=(0.000000,0.000000)
startPause=0.000000
animParam=0.000000 0.000000 0.000000 0.000000 0.000000 0.000000 (0.000000,0.000000) 0.000000 0.000000 0.000000 0.000000 0.000000 1.000000 0.000000 0.000000 0.000000 0.000000 1.000000 0.000000
offset=(0.000000,0.000000)
startPause=0.000000
animParam=0.000000 0.000000 0.000000 0.000000 0.000000 0.000000 (0.000000,0.000000) 0.000000 0.000000 0.000000 0.000000 0.000000 1.000000 0.000000 0.000000 0.000000 0.000000 1.000000 0.000000
offset=(0.000000,0.000000)
startPause=0.000000
animParam=0.000000 0.000000 0.000000 0.000000 0.000000 0.000000 (0.000000,0.000000) 0.000000 0.000000 0.000000 0.000000 0.000000 1.000000 0.000000 0.000000 0.000000 0.000000 1.000000 0.000000
offset=(0.000000,-10.000000)
startPause=0.000000
animParam=0.200000 30.000000 0.000000 0.125000 21.333333 0.708333 (0.000000,0.000000) 0.000000 0.000000 0.000000 0.000000 0.000000 10.000000 6.000000 0.000000 0.000000 0.000000 1.000000 0.000000
offset=(0.000000,0.000000)
startPause=0.000000
animParam=0.000000 0.000000 0.000000 0.000000 0.000000 0.000000 (0.000000,0.000000) 0.000000 0.000000 6.000000 0.050000 0.541667 10.000000 6.000000 0.000000 0.000000 0.000000 1.000000 0.000000
offset=(0.000000,0.000000)
startPause=0.000000
animParam=0.000000 0.000000 0.000000 0.000000 0.000000 0.000000 (0.000000,0.000000) 0.000000 0.000000 6.000000 0.050000 0.000000 10.000000 6.000000 0.000000 0.000000 0.000000 1.000000 0.000000
offset=(0.000000,-10.000000)
startPause=0.000000
animParam=0.200000 30.000000 0.000000 0.166667 10.666667 0.104167 (0.000000,0.000000) 0.000000 0.000000 0.000000 0.000000 0.000000 8.000000 4.000000 0.000000 0.000000 0.000000 1.000000 0.000000
offset=(0.000000,0.000000)
startPause=0.000000
animParam=0.000000 0.000000 0.000000 0.000000 0.000000 0.000000 (0.000000,0.000000) 0.000000 0.000000 6.000000 0.050000 0.000000 8.000000 4.000000 0.000000 0.000000 0.000000 1.000000 0.000000
offset=(0.000000,0.000000)
startPause=0.000000
animParam=0.000000 0.000000 0.000000 0.000000 0.000000 0.000000 (0.000000,0.000000) 0.000000 0.000000 6.000000 0.050000 0.541667 8.000000 4.000000 0.000000 0.000000 0.000000 1.000000 0.000000