id=8867
type=0,randStartPhase=0
forceZeroStart=0
numSounds=0
numSprites=11
numSlots=0
offset=(16.700001,0.000000)
startPause=0.000000
animParam=3.000000 37.299999 0.000000 0.000000 0.000000 0.000000 (0.000000,0.000000) 0.000000 0.000000 0.000000 0.000000 0.000000 1.000000 0.000000 3.000000 0.000000 0.583333 1.000000 0.250000
offset=(0.000170,5.565217)
startPause=0.000000
animParam=0.000000 0.000000 0.000000 4.250000 1.000000 0.500000 (3.000000,8.000000) 0.000000 0.000000 0.000000 0.000000 0.343750 1.000000 0.000000 0.000000 0.000000 0.000000 1.000000 0.000000
offset=(0.000000,0.000000)
startPause=0.000000
animParam=3.000000 9.000000 0.500000 0.000000 0.000000 0.000000 (0.000000,0.000000) 0.000000 0.000000 0.000000 0.000000 0.000000 1.000000 0.000000 3.000000 0.000000 0.864583 1.000000 0.250000
offset=(0.000000,0.000000)
startPause=0.000000
animParam=0.000000 0.000000 0.000000 0.000000 0.000000 0.000000 (-17.000000,19.000000) 0.000000 0.000000 4.666667 0.052083 0.500000 1.000000 0.000000 0.000000 0.000000 0.000000 1.000000 0.000000
offset=(0.000000,0.000000)
startPause=0.000000
animParam=0.000000 0.000000 0.000000 4.250000 2.700000 0.000000 (5.000000,5.000000) 0.000000 0.000000 0.000000 0.062000 0.510417 1.000000 0.000000 0.000000 0.000000 0.000000 1.000000 0.000000
offset=(0.000000,0.000000)
startPause=0.000000
animParam=3.000000 9.000000 0.000000 0.000000 0.000000 0.000000 (0.000000,0.000000) 0.000000 0.000000 0.000000 0.000000 0.000000 1.000000 0.000000 3.000000 0.000000 0.864583 1.000000 0.250000
offset=(0.000000,0.000000)
startPause=0.000000
animParam=0.000000 0.000000 0.000000 3.416667 10.666667 0.000000 (0.000000,0.000000) 0.000000 0.000000 0.000000 0.000000 0.000000 1.000000 0.000000 0.000000 0.000000 0.000000 1.000000 0.000000
offset=(0.000000,0.000000)
startPause=0.000000
animParam=0.000000 0.000000 0.000000 0.000000 0.000000 0.000000 (9.000000,12.000000) 0.000000 0.208333 4.166667 0.072917 0.000000 1.000000 0.000000 0.000000 0.000000 0.000000 1.000000 0.000000
offset=(0.000000,0.000000)
startPause=0.000000
animParam=0.000000 0.000000 0.000000 0.000000 0.000000 0.000000 (-9.000000,-31.000000) 0.000000 0.000000 2.083333 0.052083 0.000000 1.000000 0.000000 0.000000 0.000000 0.000000 1.000000 0.000000
offset=(0.000000,0.000000)
startPause=0.000000
animParam=0.000000 0.000000 0.000000 0.000000 0.000000 0.000000 (-4.000000,19.000000) 0.000000 0.000000 4.666667 0.041667 0.000000 1.000000 0.000000 0.000000 0.000000 0.000000 1.000000 0.000000
offset=(-16.000000,0.000000)
startPause=0.000000
animParam=3.000000 37.333333 0.562500 0.000000 0.000000 0.000000 (0.000000,0.000000) 0.000000 0.000000 0.000000 0.000000 0.000000 1.000000 0.000000 3.000000 0.000000 0.583333 1.000000 0.500000