-97 3 1 0 0
-96 3 1 0 0
-95 3 1 0 530
-94 3 1 0 0
-220 2 -1 0 885
-219 2 -1 0 155
-218 2 -1 0 155
-217 2 -1 0 155
-216 2 -1 0 155
-215 2 -1 0 155
-214 2 -1 0 155
-213 2 -1 0 155
-212 2 -1 0 155
-211 2 -1 0 155
-210 2 -1 0 155
-209 2 -1 0 155
-208 2 -1 0 155
-207 2 -1 0 155
-206 2 -1 0 155
-205 2 -1 0 155
-204 2 -1 0 155
-203 2 -1 0 154
-202 2 -1 0 155
-201 2 -1 0 155
-200 2 -1 0 155
-199 2 -1 0 155
-198 2 -1 0 155
-197 2 -1 0 155
-196 2 -1 0 155
-195 2 -1 0 155
-194 2 -1 0 155
-193 2 -1 0 155
-192 2 -1 0 155
-191 2 -1 0 155
-190 2 -1 0 155
-189 2 -1 0 155
-188 2 -1 0 155
-187 2 -1 0 155
-186 2 -1 0 155
-185 2 -1 0 155
-184 2 -1 0 155
-183 2 -1 0 155
-182 2 -1 0 155
-181 2 -1 0 155
-180 2 -1 0 155
-179 2 -1 0 155
-178 2 -1 0 155
-177 2 -1 0 155
-176 2 -1 0 155
-175 2 -1 0 155
-174 2 -1 0 155
-173 2 -1 0 155
-172 2 -1 0 155
-171 2 -1 0 155
-170 2 -1 0 155
-169 2 -1 0 155
-168 2 -1 0 155
-167 2 -1 0 155
-166 2 -1 0 155
-165 2 -1 0 155
-164 2 -1 0 155
-163 2 -1 0 155
-162 2 -1 0 155
-161 2 -1 0 155
-160 2 -1 0 155
-159 2 -1 0 155
-158 2 -1 0 155
-157 2 -1 0 155
-156 2 -1 0 155
-155 2 -1 0 155
-154 2 -1 0 155
-153 2 -1 0 155
-152 2 -1 0 155
-151 2 -1 0 155
-150 2 -1 0 155
-149 2 -1 0 155
-148 2 -1 0 155
-147 2 -1 0 155
-146 2 -1 0 155
-145 2 -1 0 155
-144 2 -1 0 155
-143 2 -1 0 155
-142 2 -1 0 155
-141 2 -1 0 155
-140 2 -1 0 155
-139 2 -1 0 155
-138 2 -1 0 155
-137 2 -1 0 155
-136 2 -1 0 155
-135 2 -1 0 155
-134 2 -1 0 155
-133 2 -1 0 155
-132 2 -1 0 155
-131 2 -1 0 155
-130 2 -1 0 155
-129 2 -1 0 155
-128 2 -1 0 155
-127 2 -1 0 155
-126 2 -1 0 155
-125 2 -1 0 155
-124 2 -1 0 155
-123 2 -1 0 155
-122 2 -1 0 155
-121 2 -1 0 155
-120 2 -1 0 155
-119 2 -1 0 155
-118 2 -1 0 155
-117 2 -1 0 155
-116 2 -1 0 155
-115 2 -1 0 155
-114 2 -1 0 155
-113 2 -1 0 155
-112 2 -1 0 155
-111 2 -1 0 155
-110 2 -1 0 155
-109 2 -1 0 155
-108 2 -1 0 155
-107 2 -1 0 155
-106 2 -1 0 155
-105 2 -1 0 155
-104 2 -1 0 155
-103 2 -1 0 155
-102 2 -1 0 155
-101 2 -1 0 155
-100 2 -1 0 155
-99 2 -1 0 155
-98 2 -1 0 155
-97 2 1 0 155
-96 2 1 0 155
-95 2 1 0 155
-94 2 -1 0 155
-93 2 -1 0 155
-92 2 -1 0 155
-91 2 -1 0 155
-90 2 -1 0 155
-89 2 -1 0 155
-88 2 -1 0 155
-87 2 -1 0 155
-86 2 -1 0 155
-85 2 -1 0 155
-84 2 -1 0 155
-83 2 -1 0 155
-82 2 -1 0 155
-81 2 -1 0 155
-80 2 -1 0 155
-79 2 -1 0 155
-78 2 -1 0 155
-77 2 -1 0 155
-76 2 -1 0 155
-75 2 -1 0 155
-74 2 -1 0 155
-73 2 -1 0 155
-72 2 -1 0 155
-71 2 -1 0 155
-70 2 -1 0 155
-69 2 -1 0 155
-68 2 -1 0 155
-67 2 -1 0 155
-66 2 -1 0 154
-65 2 -1 0 155
-64 2 -1 0 155
-63 2 -1 0 155
-62 2 -1 0 155
-61 2 -1 0 155
-60 2 -1 0 154
-59 2 -1 0 155
-58 2 -1 0 155
-57 2 -1 0 155
-56 2 -1 0 155
-55 2 -1 0 155
-54 2 -1 0 155
-53 2 -1 0 155
-52 2 -1 0 155
-51 2 -1 0 155
-50 2 -1 0 155
-49 2 -1 0 155
-48 2 -1 0 155
-47 2 -1 0 155
-46 2 -1 0 155
-45 2 -1 0 155
-44 2 -1 0 155
-43 2 -1 0 155
-42 2 -1 0 155
-41 2 -1 0 155
-40 2 -1 0 155
-39 2 -1 0 155
-38 2 -1 0 155
-37 2 -1 0 155
-36 2 -1 0 155
-35 2 -1 0 155
-34 2 -1 0 155
-33 2 -1 0 155
-32 2 -1 0 155
-31 2 -1 0 155
-30 2 -1 0 155
-29 2 -1 0 155
-28 2 -1 0 155
-27 2 -1 0 155
-26 2 -1 0 155
-25 2 -1 0 155
-24 2 -1 0 155
-23 2 -1 0 155
-22 2 -1 0 155
-21 2 -1 0 155
-20 2 -1 0 155
-19 2 -1 0 155
-18 2 -1 0 155
-17 2 -1 0 155
-16 2 -1 0 155
-15 2 -1 0 155
-14 2 -1 0 155
-13 2 -1 0 155
-12 2 -1 0 155
-11 2 -1 0 155
-10 2 -1 0 155
-9 2 -1 0 155
-8 2 -1 0 155
-7 2 -1 0 155
-6 2 -1 0 155
-5 2 -1 0 155
-4 2 -1 0 155
-3 2 -1 0 155
-2 2 -1 0 155
-1 2 -1 0 155
0 2 -1 0 155
1 2 -1 0 155
2 2 -1 0 155
3 2 -1 0 155
4 2 -1 0 155
5 2 -1 0 155
6 2 -1 0 155
7 2 -1 0 155
8 2 -1 0 155
9 2 -1 0 155
10 2 -1 0 155
11 2 -1 0 155
12 2 -1 0 155
13 2 -1 0 155
14 2 -1 0 155
15 2 -1 0 155
16 2 -1 0 155
17 2 -1 0 155
18 2 -1 0 155
19 2 -1 0 155
20 2 -1 0 155
21 2 -1 0 154
22 2 -1 0 155
23 2 -1 0 155
24 2 -1 0 155
25 2 -1 0 155
26 2 -1 0 155
27 2 -1 0 154
-220 1 0 0 156
-219 1 0 0 0
-218 1 0 0 0
-217 1 0 0 99
-216 1 0 0 0
-215 1 0 0 0
-214 1 0 0 0
-213 1 0 0 1390
-212 1 0 0 0
-211 1 0 0 0
-210 1 0 0 0
-209 1 0 0 0
-208 1 0 0 0
-207 1 0 0 0
-206 1 0 0 0
-205 1 0 0 0
-204 1 0 0 0
-203 1 0 0 156
-202 1 0 0 0
-201 1 0 0 1392
-200 1 0 0 0
-199 1 0 0 0
-198 1 0 0 0
-197 1 0 0 1394
-196 1 0 0 0
-195 1 0 0 0
-194 1 0 0 0
-193 1 0 0 0
-192 1 0 0 0
-191 1 0 0 0
-190 1 0 0 0
-189 1 0 0 0
-188 1 0 0 0
-187 1 0 0 0
-186 1 0 0 0
-185 1 0 0 0
-184 1 0 0 0
-183 1 0 0 0
-182 1 0 0 0
-181 1 0 0 0
-180 1 0 0 0
-179 1 0 0 0
-178 1 0 0 0
-177 1 0 0 30
-176 1 0 0 0
-175 1 0 0 0
-174 1 0 0 0
-173 1 0 0 0
-172 1 0 0 0
-171 1 0 0 1395
-170 1 0 0 0
-169 1 0 0 0
-168 1 0 0 0
-167 1 0 0 0
-166 1 0 0 0
-165 1 0 0 0
-164 1 0 0 0
-163 1 0 0 0
-162 1 0 0 0
-161 1 0 0 0
-160 1 0 0 1398
-159 1 0 0 0
-158 1 0 0 0
-157 1 0 0 0
-156 1 0 0 0
-155 1 0 0 0
-154 1 0 0 30
-153 1 0 0 0
-152 1 0 0 0
-151 1 0 0 0
-150 1 0 0 0
-149 1 0 0 0
-148 1 0 0 1399
-147 1 0 0 0
-146 1 0 0 0
-145 1 0 0 0
-144 1 0 0 0
-143 1 0 0 0
-142 1 0 0 0
-141 1 0 0 0
-140 1 0 0 1400
-139 1 0 0 0
-138 1 0 0 0
-137 1 0 0 0
-136 1 0 0 0
-135 1 0 0 0
-134 1 0 0 0
-133 1 0 0 0
-132 1 0 0 0
-131 1 0 0 0
-130 1 0 0 0
-129 1 0 0 0
-128 1 0 0 0
-127 1 0 0 1401
-126 1 0 0 0
-125 1 0 0 404
-124 1 0 0 0
-123 1 0 0 0
-122 1 0 0 0
-121 1 0 0 0
-120 1 0 0 0
-119 1 0 0 0
-118 1 0 0 0
-117 1 0 0 0
-116 1 0 0 0
-115 1 0 0 0
-114 1 0 0 0
-113 1 0 0 0
-112 1 0 0 0
-111 1 0 0 1403
-110 1 0 0 0
-109 1 0 0 0
-108 1 0 0 0
-107 1 0 0 805
-106 1 0 0 0
-105 1 0 0 0
-104 1 0 0 0
-103 1 0 0 0
-102 1 0 0 0
-101 1 0 0 0
-100 1 0 0 30
-99 1 0 0 1404
-98 1 0 0 0
-97 1 1 0 121
-96 1 1 0 0
-95 1 1 0 121
-94 1 0 0 0
-93 1 0 0 0
-92 1 0 0 0
-91 1 0 0 0
-90 1 0 0 0
-89 1 0 0 0
-88 1 0 0 0
-87 1 0 0 0
-86 1 0 0 0
-85 1 0 0 1405
-84 1 0 0 0
-83 1 0 0 404
-82 1 0 0 404
-81 1 0 0 0
-80 1 0 0 0
-79 1 0 0 0
-78 1 0 0 0
-77 1 0 0 0
-76 1 0 0 1406
-75 1 0 0 0
-74 1 0 0 0
-73 1 0 0 0
-72 1 0 0 0
-71 1 0 0 0
-70 1 0 0 0
-69 1 0 0 0
-68 1 0 0 0
-67 1 0 0 0
-66 1 0 0 156
-65 1 0 485 1407
-64 1 0 485 0
-63 1 0 485 0
-62 1 0 485 0
-61 1 0 485 0
-60 1 0 0 156
-59 1 0 0 0
-58 1 0 0 0
-57 1 0 0 0
-56 1 0 0 0
-55 1 0 0 30
-54 1 0 0 0
-53 1 0 0 0
-52 1 0 0 0
-51 1 4 0 0
-50 1 4 0 99
-49 1 4 0 703
-48 1 4 0 0
-47 1 4 0 0
-46 1 4 0 1409
-45 1 4 0 0
-44 1 4 0 0
-43 1 4 0 99
-42 1 4 0 0
-41 1 4 0 0
-40 1 4 0 0
-39 1 4 0 0
-38 1 4 0 0
-37 1 0 0 0
-36 1 0 0 0
-35 1 0 0 30
-34 1 0 0 0
-33 1 0 0 0
-32 1 0 0 0
-31 1 0 0 0
-30 1 0 0 0
-29 1 5 0 0
-28 1 5 0 763
-27 1 5 0 32
-26 1 5 0 0
-25 1 5 0 760
-24 1 5 0 0
-23 1 5 0 0
-22 1 5 0 0
-21 1 5 0 0
-20 1 5 0 0
-19 1 5 0 0
-18 1 5 0 763
-17 1 5 0 32
-16 1 5 0 0
-15 1 5 0 760
-14 1 0 0 0
-13 1 0 0 0
-12 1 0 0 30
-11 1 0 0 0
-10 1 0 0 0
-9 1 0 0 0
-8 1 0 0 1411
-7 1 0 0 0
-6 1 0 0 0
-5 1 0 0 0
-4 1 0 0 0
-3 1 0 0 0
-2 1 0 0 0
-1 1 0 0 1412
0 1 0 0 0
1 1 0 0 0
2 1 0 0 0
3 1 0 0 30
4 1 0 0 0
5 1 0 0 0
6 1 0 0 1413
7 1 0 0 0
8 1 0 0 0
9 1 0 0 0
10 1 0 0 0
11 1 0 0 0
12 1 0 0 1414
13 1 0 0 0
14 1 0 0 0
15 1 0 0 66
16 1 0 0 0
17 1 0 0 0
18 1 0 0 30
19 1 0 0 0
20 1 0 0 0
21 1 0 0 156
22 1 5 0 764
23 1 5 0 0
24 1 5 0 0
25 1 5 0 764
26 1 5 0 0
27 1 5 0 156
-220 0 0 0 156
-219 0 0 0 0
-218 0 2 0 0
-217 0 2 0 0
-216 0 2 0 0
-215 0 2 0 0
-214 0 2 0 0
-213 0 2 0 0
-212 0 2 0 0
-211 0 2 0 0
-210 0 2 0 0
-209 0 2 0 0
-208 0 2 0 0
-207 0 2 0 0
-206 0 2 0 0
-205 0 2 0 0
-204 0 2 0 0
-203 0 2 0 156
-202 0 2 0 0
-201 0 2 0 30
-200 0 2 0 0
-199 0 2 0 0
-198 0 2 0 0
-197 0 2 0 0
-196 0 2 0 0
-195 0 2 0 0
-194 0 2 0 0
-193 0 2 0 0
-192 0 2 0 0
-191 0 2 0 0
-190 0 2 0 0
-189 0 2 0 0
-188 0 2 0 0
-187 0 2 0 0
-186 0 2 0 0
-185 0 2 0 0
-184 0 2 0 0
-183 0 2 0 0
-182 0 2 0 0
-181 0 2 0 0
-180 0 2 0 0
-179 0 2 0 0
-178 0 2 0 0
-177 0 2 0 0
-176 0 2 0 0
-175 0 2 0 0
-174 0 2 0 0
-173 0 2 0 0
-172 0 2 0 0
-171 0 2 0 64
-170 0 2 0 0
-169 0 2 0 0
-168 0 2 0 0
-167 0 2 0 0
-166 0 2 0 0
-165 0 2 0 0
-164 0 2 0 0
-163 0 2 0 0
-162 0 2 0 32
-161 0 2 0 0
-160 0 2 0 0
-159 0 2 0 0
-158 0 2 0 0
-157 0 2 0 0
-156 0 2 0 0
-155 0 2 0 0
-154 0 2 0 0
-153 0 2 0 0
-152 0 2 0 0
-151 0 2 0 0
-150 0 2 0 0
-149 0 2 0 0
-148 0 2 0 0
-147 0 2 0 33
-146 0 2 0 32
-145 0 2 0 0
-144 0 2 0 0
-143 0 2 0 0
-142 0 2 0 0
-141 0 2 0 0
-140 0 2 0 0
-139 0 2 0 0
-138 0 2 0 0
-137 0 2 0 0
-136 0 2 0 0
-135 0 2 0 0
-134 0 2 0 0
-133 0 2 0 0
-132 0 2 0 0
-131 0 2 0 0
-130 0 2 0 0
-129 0 2 0 0
-128 0 2 0 0
-127 0 2 0 0
-126 0 2 0 804
-125 0 2 0 0
-124 0 2 0 0
-123 0 2 0 0
-122 0 2 0 0
-121 0 2 0 0
-120 0 2 0 0
-119 0 2 0 0
-118 0 2 0 0
-117 0 2 0 0
-116 0 2 0 0
-115 0 2 0 0
-114 0 2 0 0
-113 0 2 0 0
-112 0 2 0 0
-111 0 2 0 805
-110 0 2 0 0
-109 0 2 0 0
-108 0 2 0 0
-107 0 2 0 0
-106 0 2 0 0
-105 0 2 0 0
-104 0 2 0 0
-103 0 2 0 0
-102 0 2 0 0
-101 0 2 0 0
-100 0 2 0 0
-99 0 2 0 0
-98 0 2 0 0
-97 0 1 0 0
-96 0 1 0 0
-95 0 1 0 0
-94 0 2 0 0
-93 0 2 0 0
-92 0 2 0 0
-91 0 2 0 0
-90 0 2 0 0
-89 0 2 0 0
-88 0 2 0 0
-87 0 2 0 0
-86 0 2 0 0
-85 0 2 0 0
-84 0 2 0 804
-83 0 2 0 0
-82 0 2 0 0
-81 0 2 0 0
-80 0 2 0 0
-79 0 2 0 0
-78 0 2 0 0
-77 0 2 0 0
-76 0 2 0 0
-75 0 2 0 0
-74 0 2 0 1407
-73 0 2 0 0
-72 0 2 0 0
-71 0 2 0 0
-70 0 2 0 0
-69 0 2 0 0
-68 0 2 0 0
-67 0 2 0 0
-66 0 2 0 154
-65 0 2 485 155
-64 0 2 485 155
-63 0 2 485 878
-62 0 2 485 155
-61 0 2 485 155
-60 0 2 0 154
-59 0 2 0 0
-58 0 2 0 0
-57 0 2 0 0
-56 0 2 0 0
-55 0 2 0 0
-54 0 2 0 0
-53 0 2 0 0
-52 0 2 0 0
-51 0 4 0 0
-50 0 4 0 0
-49 0 4 0 0
-48 0 4 0 0
-47 0 4 0 0
-46 0 4 0 0
-45 0 4 0 434,199,712,200
-44 0 4 0 292,203,203
-43 0 4 0 0
-42 0 4 0 0
-41 0 4 0 0
-40 0 4 0 0
-39 0 4 0 0
-38 0 4 0 0
-37 0 2 0 0
-36 0 2 0 0
-35 0 2 0 0
-34 0 2 0 0
-33 0 2 0 0
-32 0 2 0 0
-31 0 2 0 0
-30 0 2 0 0
-29 0 2 0 0
-28 0 5 0 0
-27 0 5 0 0
-26 0 5 0 0
-25 0 5 0 0
-24 0 5 0 0
-23 0 5 0 0
-22 0 5 0 0
-21 0 5 0 0
-20 0 5 0 0
-19 0 5 0 0
-18 0 5 0 0
-17 0 5 0 0
-16 0 5 0 0
-15 0 5 0 0
-14 0 2 0 0
-13 0 2 0 0
-12 0 2 0 0
-11 0 2 0 0
-10 0 2 0 0
-9 0 2 0 0
-8 0 2 0 0
-7 0 2 0 0
-6 0 2 0 0
-5 0 2 0 0
-4 0 2 0 0
-3 0 2 0 0
-2 0 2 0 0
-1 0 2 0 0
0 0 2 0 0
1 0 2 0 0
2 0 2 0 0
3 0 2 0 0
4 0 2 0 0
5 0 2 0 0
6 0 2 0 0
7 0 2 0 0
8 0 2 0 0
9 0 2 0 0
10 0 2 0 0
11 0 2 0 0
12 0 2 0 0
13 0 2 0 0
14 0 2 0 0
15 0 2 0 0
16 0 2 0 0
17 0 2 0 0
18 0 2 0 0
19 0 2 0 67
20 0 2 0 1415
21 0 2 0 877
22 0 5 0 0
23 0 5 0 764
24 0 5 0 0
25 0 5 0 0
26 0 5 0 0
27 0 5 0 156
-220 -1 0 0 156
-219 -1 0 0 0
-218 -1 0 0 0
-217 -1 0 0 0
-216 -1 0 0 0
-215 -1 0 0 0
-214 -1 0 0 0
-213 -1 0 0 0
-212 -1 0 0 0
-211 -1 0 0 0
-210 -1 0 0 0
-209 -1 0 0 0
-208 -1 0 0 0
-207 -1 0 0 0
-206 -1 0 0 0
-205 -1 0 0 159
-204 -1 0 0 1391
-203 -1 2 0 156
-202 -1 2 0 0
-201 -1 0 0 159
-200 -1 0 0 0
-199 -1 0 0 0
-198 -1 0 0 0
-197 -1 0 0 0
-196 -1 0 0 0
-195 -1 0 0 0
-194 -1 0 0 0
-193 -1 0 0 0
-192 -1 0 0 0
-191 -1 0 0 0
-190 -1 0 0 0
-189 -1 0 0 0
-188 -1 0 0 0
-187 -1 0 0 0
-186 -1 0 0 0
-185 -1 0 0 0
-184 -1 0 0 0
-183 -1 0 0 0
-182 -1 0 0 0
-181 -1 0 0 0
-180 -1 0 0 0
-179 -1 0 0 0
-178 -1 0 0 0
-177 -1 0 0 0
-176 -1 0 0 0
-175 -1 0 0 0
-174 -1 0 0 0
-173 -1 0 0 0
-172 -1 0 0 0
-171 -1 0 0 0
-170 -1 0 0 0
-169 -1 0 0 0
-168 -1 0 0 0
-167 -1 0 0 0
-166 -1 0 0 0
-165 -1 0 0 0
-164 -1 0 0 0
-163 -1 0 0 0
-162 -1 0 0 0
-161 -1 0 0 0
-160 -1 0 0 0
-159 -1 0 0 0
-158 -1 0 0 0
-157 -1 0 0 0
-156 -1 0 0 0
-155 -1 0 0 0
-154 -1 0 0 1402
-153 -1 0 0 0
-152 -1 0 0 0
-151 -1 0 0 0
-150 -1 0 0 0
-149 -1 0 0 0
-148 -1 0 0 0
-147 -1 0 0 0
-146 -1 0 0 0
-145 -1 0 0 0
-144 -1 0 0 0
-143 -1 0 0 0
-142 -1 0 0 0
-141 -1 0 0 0
-140 -1 0 0 0
-139 -1 0 0 0
-138 -1 0 0 0
-137 -1 0 0 0
-136 -1 0 0 0
-135 -1 0 0 0
-134 -1 0 0 0
-133 -1 0 0 0
-132 -1 0 0 0
-131 -1 0 0 0
-130 -1 0 0 0
-129 -1 0 0 0
-128 -1 0 0 0
-127 -1 0 0 0
-126 -1 0 0 0
-125 -1 0 0 0
-124 -1 0 0 0
-123 -1 0 0 0
-122 -1 0 0 0
-121 -1 0 0 0
-120 -1 0 0 0
-119 -1 0 0 0
-118 -1 0 0 0
-117 -1 0 0 0
-116 -1 0 0 0
-115 -1 0 0 0
-114 -1 0 0 0
-113 -1 0 0 0
-112 -1 0 0 0
-111 -1 0 0 0
-110 -1 0 0 0
-109 -1 0 0 0
-108 -1 0 0 0
-107 -1 0 0 0
-106 -1 0 0 0
-105 -1 0 0 0
-104 -1 0 0 0
-103 -1 0 0 0
-102 -1 0 0 0
-101 -1 0 0 33
-100 -1 0 0 32
-99 -1 0 0 0
-98 -1 1 0 0
-97 -1 1 0 0
-96 -1 1 0 0
-95 -1 0 0 0
-94 -1 0 0 30
-93 -1 0 0 0
-92 -1 0 0 0
-91 -1 0 0 0
-90 -1 0 0 0
-89 -1 0 0 0
-88 -1 0 0 0
-87 -1 0 0 0
-86 -1 0 0 0
-85 -1 0 0 404
-84 -1 0 0 804
-83 -1 0 0 0
-82 -1 0 0 0
-81 -1 0 0 0
-80 -1 0 0 0
-79 -1 0 0 0
-78 -1 0 0 0
-77 -1 0 0 0
-76 -1 0 0 0
-75 -1 0 0 0
-74 -1 0 0 0
-73 -1 0 0 0
-72 -1 0 0 0
-71 -1 0 0 0
-70 -1 0 0 0
-69 -1 0 0 0
-68 -1 0 0 0
-67 -1 0 0 0
-66 -1 0 0 0
-65 -1 0 0 0
-64 -1 0 0 0
-63 -1 0 0 0
-62 -1 0 0 1408
-61 -1 0 0 0
-60 -1 0 0 0
-59 -1 0 0 0
-58 -1 0 0 0
-57 -1 0 0 0
-56 -1 0 0 30
-55 -1 0 0 0
-54 -1 0 0 0
-53 -1 0 0 0
-52 -1 0 0 0
-51 -1 4 0 99
-50 -1 4 0 0
-49 -1 4 0 0
-48 -1 4 0 703
-47 -1 4 0 0
-46 -1 4 0 0
-45 -1 4 0 0
-44 -1 4 0 0
-43 -1 4 0 0
-42 -1 4 0 680
-41 -1 4 0 0
-40 -1 4 0 99
-39 -1 4 0 0
-38 -1 4 0 0
-37 -1 0 0 0
-36 -1 0 0 0
-35 -1 0 0 0
-34 -1 0 0 30
-33 -1 0 0 0
-32 -1 0 0 0
-31 -1 0 0 0
-30 -1 0 0 0
-29 -1 5 0 763
-28 -1 5 0 760
-27 -1 5 0 0
-26 -1 5 0 0
-25 -1 5 0 0
-24 -1 5 0 1410
-23 -1 5 0 0
-22 -1 5 0 0
-21 -1 5 0 0
-20 -1 5 0 0
-19 -1 5 0 763
-18 -1 5 0 0
-17 -1 5 0 0
-16 -1 5 0 0
-15 -1 5 0 0
-14 -1 5 0 0
-13 -1 0 0 30
-12 -1 0 0 0
-11 -1 0 0 0
-10 -1 0 0 0
-9 -1 0 0 0
-8 -1 0 0 0
-7 -1 0 0 0
-6 -1 0 0 0
-5 -1 0 0 0
-4 -1 0 0 0
-3 -1 0 0 30
-2 -1 0 0 0
-1 -1 0 0 0
0 -1 0 0 0
1 -1 0 0 0
2 -1 0 0 0
3 -1 0 0 0
4 -1 0 0 0
5 -1 0 0 0
6 -1 0 0 0
7 -1 0 0 0
8 -1 0 0 0
9 -1 0 0 0
10 -1 0 0 0
11 -1 0 0 0
12 -1 0 0 30
13 -1 0 0 0
14 -1 0 0 64
15 -1 0 0 0
16 -1 0 0 0
17 -1 0 0 0
18 -1 0 0 1417
19 -1 0 0 0
20 -1 0 0 0
21 -1 0 0 156
22 -1 5 0 0
23 -1 5 0 0
24 -1 5 0 0
25 -1 5 0 0
26 -1 5 0 764
27 -1 5 0 156
-220 -2 -1 0 885
-219 -2 0 0 155
-218 -2 0 0 155
-217 -2 0 0 155
-216 -2 0 0 155
-215 -2 0 0 155
-214 -2 0 0 155
-213 -2 0 0 155
-212 -2 0 0 155
-211 -2 0 0 155
-210 -2 0 0 155
-209 -2 0 0 155
-208 -2 0 0 155
-207 -2 0 0 154
-206 -2 0 0 155
-205 -2 0 0 154
-204 -2 2 0 0
-203 -2 2 0 156
-202 -2 2 0 0
-201 -2 0 0 154
-200 -2 0 0 155
-199 -2 0 0 155
-198 -2 0 0 155
-197 -2 0 0 155
-196 -2 0 0 155
-195 -2 0 0 155
-194 -2 0 0 155
-193 -2 0 0 155
-192 -2 0 0 155
-191 -2 0 0 155
-190 -2 0 0 155
-189 -2 0 0 155
-188 -2 0 0 155
-187 -2 0 0 155
-186 -2 0 0 155
-185 -2 0 0 155
-184 -2 0 0 155
-183 -2 0 0 155
-182 -2 0 0 155
-181 -2 0 0 155
-180 -2 0 0 155
-179 -2 0 0 155
-178 -2 0 0 155
-177 -2 0 0 155
-176 -2 0 0 155
-175 -2 0 0 155
-174 -2 0 0 155
-173 -2 0 0 155
-172 -2 0 0 155
-171 -2 0 0 155
-170 -2 0 0 155
-169 -2 0 0 155
-168 -2 0 0 155
-167 -2 0 0 155
-166 -2 0 0 155
-165 -2 0 0 155
-164 -2 0 0 155
-163 -2 0 0 155
-162 -2 0 0 155
-161 -2 0 0 155
-160 -2 0 0 155
-159 -2 0 0 155
-158 -2 0 0 155
-157 -2 0 0 155
-156 -2 0 0 155
-155 -2 0 0 155
-154 -2 0 0 155
-153 -2 0 0 155
-152 -2 0 0 155
-151 -2 0 0 155
-150 -2 0 0 155
-149 -2 0 0 155
-148 -2 0 0 155
-147 -2 0 0 155
-146 -2 0 0 155
-145 -2 0 0 155
-144 -2 0 0 155
-143 -2 0 0 155
-142 -2 0 0 155
-141 -2 0 0 155
-140 -2 0 0 155
-139 -2 0 0 155
-138 -2 0 0 155
-137 -2 0 0 155
-136 -2 0 0 155
-135 -2 0 0 155
-134 -2 0 0 155
-133 -2 0 0 155
-132 -2 0 0 155
-131 -2 0 0 155
-130 -2 0 0 155
-129 -2 0 0 155
-128 -2 0 0 155
-127 -2 0 0 155
-126 -2 0 0 155
-125 -2 0 0 155
-124 -2 0 0 155
-123 -2 0 0 155
-122 -2 0 0 155
-121 -2 0 0 155
-120 -2 0 0 155
-119 -2 0 0 155
-118 -2 0 0 155
-117 -2 0 0 155
-116 -2 0 0 155
-115 -2 0 0 155
-114 -2 0 0 155
-113 -2 0 0 155
-112 -2 0 0 155
-111 -2 0 0 155
-110 -2 0 0 155
-109 -2 0 0 155
-108 -2 0 0 155
-107 -2 0 0 155
-106 -2 0 0 155
-105 -2 0 0 155
-104 -2 0 0 155
-103 -2 0 0 155
-102 -2 0 0 155
-101 -2 0 0 155
-100 -2 0 0 155
-99 -2 0 0 155
-98 -2 1 0 155
-97 -2 1 0 155
-96 -2 0 0 155
-95 -2 0 0 155
-94 -2 0 0 155
-93 -2 0 0 155
-92 -2 0 0 155
-91 -2 0 0 155
-90 -2 0 0 155
-89 -2 0 0 155
-88 -2 0 0 155
-87 -2 0 0 155
-86 -2 0 0 155
-85 -2 0 0 155
-84 -2 0 0 155
-83 -2 0 0 155
-82 -2 0 0 155
-81 -2 0 0 155
-80 -2 0 0 155
-79 -2 0 0 155
-78 -2 0 0 155
-77 -2 0 0 155
-76 -2 0 0 155
-75 -2 0 0 155
-74 -2 0 0 155
-73 -2 0 0 155
-72 -2 0 0 155
-71 -2 0 0 155
-70 -2 0 0 155
-69 -2 0 0 155
-68 -2 0 0 155
-67 -2 0 0 155
-66 -2 0 0 155
-65 -2 0 0 155
-64 -2 0 0 155
-63 -2 0 0 155
-62 -2 0 0 155
-61 -2 0 0 155
-60 -2 0 0 155
-59 -2 0 0 155
-58 -2 0 0 155
-57 -2 0 0 155
-56 -2 0 0 155
-55 -2 0 0 155
-54 -2 0 0 155
-53 -2 0 0 155
-52 -2 4 0 155
-51 -2 4 0 155
-50 -2 4 0 155
-49 -2 4 0 155
-48 -2 4 0 155
-47 -2 4 0 155
-46 -2 4 0 155
-45 -2 4 0 155
-44 -2 4 0 155
-43 -2 4 0 155
-42 -2 4 0 155
-41 -2 4 0 155
-40 -2 4 0 155
-39 -2 4 0 155
-38 -2 4 0 155
-37 -2 0 0 155
-36 -2 0 0 155
-35 -2 0 0 155
-34 -2 0 0 155
-33 -2 0 0 155
-32 -2 0 0 155
-31 -2 0 0 155
-30 -2 0 0 155
-29 -2 5 0 155
-28 -2 5 0 155
-27 -2 5 0 155
-26 -2 5 0 155
-25 -2 5 0 155
-24 -2 5 0 155
-23 -2 5 0 155
-22 -2 5 0 155
-21 -2 5 0 155
-20 -2 5 0 155
-19 -2 5 0 155
-18 -2 5 0 155
-17 -2 5 0 155
-16 -2 5 0 155
-15 -2 5 0 155
-14 -2 0 0 155
-13 -2 0 0 155
-12 -2 0 0 155
-11 -2 0 0 155
-10 -2 0 0 155
-9 -2 0 0 155
-8 -2 0 0 155
-7 -2 0 0 155
-6 -2 0 0 155
-5 -2 0 0 155
-4 -2 0 0 155
-3 -2 0 0 155
-2 -2 0 0 155
-1 -2 0 0 155
0 -2 0 0 155
1 -2 0 0 155
2 -2 0 0 155
3 -2 0 0 155
4 -2 0 0 155
5 -2 0 0 155
6 -2 0 0 155
7 -2 0 0 155
8 -2 0 0 155
9 -2 0 0 155
10 -2 0 0 155
11 -2 0 0 155
12 -2 0 0 155
13 -2 0 0 154
14 -2 0 0 0
15 -2 0 0 64
16 -2 0 0 66
17 -2 0 0 0
18 -2 0 0 0
19 -2 0 0 0
20 -2 0 0 0
21 -2 0 0 154
22 -2 5 0 155
23 -2 5 0 155
24 -2 5 0 155
25 -2 5 0 155
26 -2 5 0 155
27 -2 5 0 154
-218 -3 -1 0 406
-217 -3 0 0 0
-216 -3 0 0 0
-215 -3 0 0 0
-214 -3 0 0 0
-213 -3 0 0 0
-212 -3 0 0 0
-211 -3 0 0 0
-210 -3 0 0 0
-209 -3 0 0 0
-208 -3 0 0 0
-207 -3 0 0 156
-206 -3 0 0 0
-205 -3 0 0 0
-204 -3 2 0 0
-203 -3 2 0 156
-202 -3 2 0 0
-201 -3 0 0 156
-200 -3 0 0 0
-199 -3 0 0 0
-198 -3 0 0 0
-197 -3 0 0 0
-196 -3 0 0 0
-195 -3 0 0 0
-194 -3 0 0 0
-193 -3 0 0 0
-192 -3 0 0 0
-191 -3 0 0 0
-190 -3 0 0 0
-189 -3 0 0 0
-188 -3 0 0 0
-187 -3 0 0 0
-186 -3 0 0 0
-185 -3 0 0 0
-184 -3 0 0 0
-183 -3 0 0 0
-182 -3 0 0 0
-181 -3 0 0 0
-180 -3 0 0 0
-179 -3 0 0 0
-178 -3 0 0 0
-177 -3 0 0 0
-176 -3 0 0 0
-175 -3 0 0 0
-174 -3 0 0 0
-173 -3 0 0 0
-172 -3 0 0 0
-171 -3 0 0 0
-170 -3 0 0 0
-169 -3 0 0 0
-168 -3 0 0 0
-167 -3 0 0 0
-166 -3 0 0 0
-165 -3 0 0 0
-164 -3 0 0 0
-163 -3 0 0 0
-162 -3 0 0 0
-161 -3 0 0 0
-160 -3 0 0 0
-159 -3 0 0 0
-158 -3 0 0 0
-157 -3 0 0 0
-156 -3 0 0 0
-155 -3 0 0 0
-154 -3 0 0 0
-153 -3 0 0 0
-152 -3 0 0 0
-151 -3 0 0 0
-150 -3 0 0 0
-149 -3 0 0 0
-148 -3 0 0 0
-147 -3 0 0 0
-146 -3 0 0 0
-145 -3 0 0 0
-144 -3 0 0 0
-143 -3 0 0 0
-142 -3 0 0 0
-141 -3 0 0 0
-140 -3 0 0 0
-139 -3 0 0 0
-138 -3 0 0 0
-137 -3 0 0 0
-136 -3 0 0 0
-135 -3 0 0 0
-134 -3 0 0 0
-133 -3 0 0 0
-132 -3 0 0 0
-131 -3 0 0 0
-130 -3 0 0 0
-129 -3 0 0 0
-128 -3 0 0 0
-127 -3 0 0 0
-126 -3 0 0 0
-125 -3 0 0 0
-124 -3 0 0 0
-123 -3 0 0 0
-122 -3 0 0 0
-121 -3 0 0 0
-120 -3 0 0 0
-119 -3 0 0 0
-118 -3 0 0 0
-117 -3 0 0 0
-116 -3 0 0 0
-115 -3 0 0 0
-114 -3 0 0 0
-113 -3 0 0 0
-112 -3 0 0 0
-111 -3 0 0 0
-110 -3 0 0 0
-109 -3 0 0 0
-108 -3 0 0 0
-107 -3 0 0 0
-106 -3 0 0 0
-105 -3 0 0 0
-104 -3 0 0 0
-103 -3 0 0 0
-102 -3 0 0 0
-101 -3 0 0 0
-100 -3 0 0 0
-99 -3 0 0 0
-98 -3 1 0 0
-97 -3 1 0 0
-96 -3 0 0 0
-95 -3 0 0 0
-94 -3 0 0 0
-93 -3 0 0 0
-92 -3 0 0 0
-91 -3 0 0 0
-90 -3 0 0 0
-89 -3 0 0 0
-88 -3 0 0 0
-87 -3 0 0 0
-86 -3 0 0 0
-85 -3 0 0 0
-84 -3 0 0 0
-83 -3 0 0 0
-82 -3 0 0 0
-81 -3 0 0 0
-80 -3 0 0 0
-79 -3 0 0 0
-78 -3 0 0 0
-77 -3 0 0 0
-76 -3 0 0 0
-75 -3 0 0 0
-74 -3 0 0 0
-73 -3 0 0 0
-72 -3 0 0 0
-71 -3 0 0 0
-70 -3 0 0 0
-69 -3 0 0 0
-68 -3 0 0 0
-67 -3 0 0 0
-66 -3 0 0 0
-65 -3 0 0 0
-64 -3 0 0 0
-63 -3 0 0 0
-62 -3 0 0 0
-61 -3 0 0 0
-60 -3 0 0 0
-59 -3 0 0 0
-58 -3 0 0 0
-57 -3 0 0 0
-56 -3 0 0 0
-55 -3 0 0 0
-54 -3 0 0 0
-53 -3 0 0 0
-52 -3 4 0 0
-51 -3 4 0 0
-50 -3 4 0 0
-49 -3 4 0 0
-48 -3 4 0 0
-47 -3 4 0 0
-46 -3 4 0 0
-45 -3 4 0 0
-44 -3 4 0 0
-43 -3 4 0 0
-42 -3 4 0 0
-41 -3 4 0 0
-40 -3 4 0 0
-39 -3 4 0 0
-38 -3 4 0 0
-37 -3 0 0 0
-36 -3 0 0 0
-35 -3 0 0 0
-34 -3 0 0 0
-33 -3 0 0 0
-32 -3 0 0 0
-31 -3 0 0 0
-30 -3 0 0 0
-29 -3 5 0 0
-28 -3 5 0 0
-27 -3 5 0 0
-26 -3 5 0 0
-25 -3 5 0 0
-24 -3 5 0 0
-23 -3 5 0 0
-22 -3 5 0 0
-21 -3 5 0 0
-20 -3 5 0 0
-19 -3 5 0 0
-18 -3 5 0 0
-17 -3 5 0 0
-16 -3 5 0 0
-15 -3 5 0 0
-14 -3 0 0 0
-13 -3 0 0 0
-12 -3 0 0 0
-11 -3 0 0 0
-10 -3 0 0 0
-9 -3 0 0 0
-8 -3 0 0 0
-7 -3 0 0 0
-6 -3 0 0 0
-5 -3 0 0 0
-4 -3 0 0 0
-3 -3 0 0 0
-2 -3 0 0 0
-1 -3 0 0 0
0 -3 0 0 0
1 -3 0 0 0
2 -3 0 0 0
3 -3 0 0 0
4 -3 0 0 0
5 -3 0 0 0
6 -3 0 0 0
7 -3 0 0 0
8 -3 0 0 0
9 -3 0 0 0
10 -3 0 0 0
11 -3 0 0 0
12 -3 0 0 0
13 -3 0 0 156
14 -3 0 0 0
15 -3 0 0 0
16 -3 0 0 64
17 -3 0 0 0
18 -3 0 0 0
19 -3 0 0 32
20 -3 0 0 33
21 -3 0 0 156
22 -3 5 0 0
23 -3 5 0 0
24 -3 5 0 0
25 -3 5 0 0
26 -3 5 0 0
27 -3 5 0 0
-217 -4 0 0 0
-216 -4 0 0 0
-215 -4 0 0 0
-214 -4 0 0 0
-213 -4 0 0 0
-212 -4 0 0 0
-211 -4 0 0 0
-210 -4 0 0 0
-209 -4 0 0 0
-208 -4 0 0 0
-207 -4 0 0 156
-206 -4 0 0 0
-205 -4 2 0 0
-204 -4 2 0 0
-203 -4 0 0 156
-202 -4 2 0 0
-201 -4 0 0 156
-200 -4 0 0 0
-199 -4 0 0 0
-198 -4 0 0 0
-197 -4 0 0 0
-196 -4 0 0 0
-195 -4 0 0 0
-194 -4 0 0 0
-193 -4 0 0 0
-192 -4 0 0 0
-191 -4 0 0 0
-190 -4 0 0 0
-189 -4 0 0 0
-188 -4 0 0 0
-187 -4 0 0 0
-186 -4 0 0 0
-185 -4 0 0 0
-184 -4 0 0 0
-183 -4 0 0 0
-182 -4 0 0 0
-181 -4 0 0 0
-180 -4 0 0 0
-179 -4 0 0 0
-178 -4 0 0 0
-177 -4 0 0 0
-176 -4 0 0 0
-175 -4 0 0 0
-174 -4 0 0 0
-173 -4 0 0 0
-172 -4 0 0 0
-171 -4 0 0 0
-170 -4 0 0 0
-169 -4 0 0 0
-168 -4 0 0 0
-167 -4 0 0 0
-166 -4 0 0 0
-165 -4 0 0 0
-164 -4 0 0 0
-163 -4 0 0 0
-162 -4 0 0 0
-161 -4 0 0 0
-160 -4 0 0 0
-159 -4 0 0 0
-158 -4 0 0 0
-157 -4 0 0 0
-156 -4 0 0 0
-155 -4 0 0 0
-154 -4 0 0 0
-153 -4 0 0 0
-152 -4 0 0 0
-151 -4 0 0 0
-150 -4 0 0 0
-149 -4 0 0 0
-148 -4 0 0 0
-147 -4 0 0 0
-146 -4 0 0 0
-145 -4 0 0 0
-144 -4 0 0 0
-143 -4 0 0 0
-142 -4 0 0 0
-141 -4 0 0 0
-140 -4 0 0 0
-139 -4 0 0 0
-138 -4 0 0 0
-137 -4 0 0 0
-136 -4 0 0 0
-135 -4 0 0 0
-134 -4 0 0 0
-133 -4 0 0 0
-132 -4 0 0 0
-131 -4 0 0 0
-130 -4 0 0 0
-129 -4 0 0 0
-128 -4 0 0 0
-127 -4 0 0 0
-126 -4 0 0 0
-125 -4 0 0 0
-124 -4 0 0 0
-123 -4 0 0 0
-122 -4 0 0 0
-121 -4 0 0 0
-120 -4 0 0 0
-119 -4 0 0 0
-118 -4 0 0 0
-117 -4 0 0 0
-116 -4 0 0 0
-115 -4 0 0 0
-114 -4 0 0 0
-113 -4 0 0 0
-112 -4 0 0 0
-111 -4 0 0 0
-110 -4 0 0 0
-109 -4 0 0 0
-108 -4 0 0 0
-107 -4 0 0 0
-106 -4 0 0 0
-105 -4 0 0 0
-104 -4 0 0 0
-103 -4 0 0 0
-102 -4 0 0 0
-101 -4 0 0 0
-100 -4 0 0 0
-99 -4 0 0 0
-98 -4 1 0 0
-97 -4 1 0 0
-96 -4 0 0 0
-95 -4 0 0 0
-94 -4 0 0 0
-93 -4 0 0 0
-92 -4 0 0 0
-91 -4 0 0 0
-90 -4 0 0 0
-89 -4 0 0 0
-88 -4 0 0 0
-87 -4 0 0 0
-86 -4 0 0 0
-85 -4 0 0 0
-84 -4 0 0 0
-83 -4 0 0 0
-82 -4 0 0 0
-81 -4 0 0 0
-80 -4 0 0 0
-79 -4 0 0 0
-78 -4 0 0 0
-77 -4 0 0 0
-76 -4 0 0 0
-75 -4 0 0 0
-74 -4 0 0 0
-73 -4 0 0 0
-72 -4 0 0 0
-71 -4 0 0 0
-70 -4 0 0 0
-69 -4 0 0 0
-68 -4 0 0 0
-67 -4 0 0 0
-66 -4 0 0 0
-65 -4 0 0 0
-64 -4 0 0 0
-63 -4 0 0 0
-62 -4 0 0 0
-61 -4 0 0 0
-60 -4 0 0 0
-59 -4 0 0 0
-58 -4 0 0 0
-57 -4 0 0 0
-56 -4 0 0 0
-55 -4 0 0 0
-54 -4 0 0 0
-53 -4 0 0 0
-52 -4 4 0 0
-51 -4 4 0 0
-50 -4 4 0 0
-49 -4 4 0 0
-48 -4 4 0 0
-47 -4 4 0 0
-46 -4 4 0 0
-45 -4 4 0 0
-44 -4 4 0 0
-43 -4 4 0 0
-42 -4 4 0 0
-41 -4 4 0 0
-40 -4 4 0 0
-39 -4 4 0 0
-38 -4 4 0 0
-37 -4 0 0 0
-36 -4 0 0 0
-35 -4 0 0 0
-34 -4 0 0 0
-33 -4 0 0 0
-32 -4 0 0 0
-31 -4 0 0 0
-30 -4 5 0 0
-29 -4 5 0 0
-28 -4 5 0 0
-27 -4 5 0 0
-26 -4 5 0 0
-25 -4 5 0 0
-24 -4 5 0 0
-23 -4 5 0 0
-22 -4 5 0 0
-21 -4 5 0 0
-20 -4 5 0 0
-19 -4 5 0 0
-18 -4 5 0 0
-17 -4 5 0 0
-16 -4 5 0 0
-15 -4 5 0 0
-14 -4 0 0 0
-13 -4 0 0 0
-12 -4 0 0 0
-11 -4 0 0 0
-10 -4 0 0 0
-9 -4 0 0 0
-8 -4 0 0 0
-7 -4 0 0 0
-6 -4 0 0 0
-5 -4 0 0 0
-4 -4 0 0 0
-3 -4 0 0 0
-2 -4 0 0 0
-1 -4 0 0 0
0 -4 0 0 0
1 -4 0 0 0
2 -4 0 0 0
3 -4 0 0 0
4 -4 0 0 0
5 -4 0 0 0
6 -4 0 0 0
7 -4 0 0 0
8 -4 0 0 0
9 -4 0 0 0
10 -4 0 0 0
11 -4 0 0 0
12 -4 0 0 0
13 -4 0 0 156
14 -4 0 0 50
15 -4 0 0 0
16 -4 0 0 0
17 -4 0 0 0
18 -4 0 0 0
19 -4 0 0 0
20 -4 0 0 33
21 -4 0 0 156
22 -4 5 0 0
23 -4 5 0 0
24 -4 5 0 0
25 -4 5 0 0
26 -4 5 0 0
27 -4 5 0 0
-207 -5 0 0 156
-206 -5 2 0 0
-205 -5 2 0 154
-204 -5 0 0 155
-203 -5 -1 0 154
-202 -5 2 0 0
-201 -5 0 0 156
-98 -5 1 0 0
-97 -5 1 0 0
-52 -5 4 0 0
-48 -5 4 0 0
-47 -5 4 0 0
-45 -5 4 0 0
13 -5 0 0 156
14 -5 0 0 51
15 -5 0 0 52
16 -5 0 0 50
17 -5 0 0 0
18 -5 0 0 0
19 -5 0 0 0
20 -5 0 0 52
21 -5 0 0 156
-207 -6 0 0 156
-206 -6 2 0 0
-205 -6 2 0 0
-204 -6 0 0 0
-203 -6 0 0 156
-202 -6 2 0 0
-201 -6 0 0 156
-98 -6 1 0 0
13 -6 0 0 156
14 -6 0 0 30
15 -6 0 0 51
16 -6 0 0 50
17 -6 0 0 203
18 -6 0 0 434,199,202,200,203
19 -6 0 0 30
20 -6 0 0 51
21 -6 0 0 156
-207 -7 0 0 154
-206 -7 2 0 155
-205 -7 2 0 154
-204 -7 2 0 0
-203 -7 0 0 156
-202 -7 2 0 0
-201 -7 0 0 156
12 -7 0 0 0
13 -7 0 0 154
14 -7 0 0 155
15 -7 0 0 155
16 -7 0 0 155
17 -7 0 0 155
18 -7 0 0 155
19 -7 0 0 155
20 -7 0 0 155
21 -7 0 0 154
-207 -8 0 0 156
-206 -8 0 0 0
-205 -8 2 0 0
-204 -8 2 0 0
-203 -8 0 0 156
-202 -8 2 0 0
-201 -8 0 0 156
13 -8 0 0 0
14 -8 0 0 0
15 -8 0 0 0
16 -8 0 0 0
17 -8 0 0 0
18 -8 0 0 0
19 -8 0 0 0
20 -8 0 0 0
21 -8 0 0 0
-207 -9 0 0 156
-206 -9 2 0 0
-205 -9 2 0 154
-204 -9 2 0 155
-203 -9 0 0 154
-202 -9 2 0 0
-201 -9 0 0 156
12 -9 0 0 0
13 -9 0 0 0
14 -9 0 0 0
15 -9 0 0 0
16 -9 0 0 0
17 -9 0 0 0
18 -9 0 0 0
19 -9 0 0 0
20 -9 0 0 0
21 -9 0 0 0
22 -9 0 0 0
-207 -10 0 0 156
-206 -10 2 0 0
-205 -10 2 0 0
-204 -10 2 0 0
-203 -10 2 0 0
-202 -10 2 0 0
-201 -10 0 0 156
-207 -11 0 0 154
-206 -11 2 0 155
-205 -11 2 0 155
-204 -11 2 0 155
-203 -11 2 0 155
-202 -11 2 0 155
-201 -11 0 0 154
