-17 5 0 0 154
-16 5 5 0 155
-15 5 5 0 155
-14 5 5 0 155
-13 5 5 0 155
-12 5 5 0 154
-17 4 5 0 156
-16 4 5 0 0
-15 4 5 0 0
-14 4 5 0 764
-13 4 5 0 0
-12 4 5 0 156
-17 3 5 0 156
-16 3 5 0 764
-15 3 5 0 0
-14 3 5 0 0
-13 3 5 0 764
-12 3 5 0 156
-17 2 5 0 156
-16 2 5 0 0
-15 2 5 0 764
-14 2 5 0 0
-13 2 5 0 346
-12 2 5 0 156
0 2 0 0 805
1 2 0 0 0
-17 1 0 0 154
-16 1 5 0 155
-15 1 5 0 155
-14 1 5 0 876
-13 1 5 0 155
-12 1 0 0 154
-1 1 0 0 0
0 1 0 0 0
1 1 0 0 805
2 1 0 0 0
-17 0 0 0 0
-16 0 0 0 0
-15 0 0 0 0
-14 0 0 0 67
-13 0 0 0 0
-12 0 0 0 0
-1 0 0 0 0
0 0 0 0 0
1 0 0 0 1390
2 0 0 0 0
-15 -1 0 0 0
-14 -1 0 0 0
-13 -1 0 0 1415
0 -1 0 0 0
1 -1 0 0 0
-13 -2 0 0 0
-13 -4 0 0 1391
